c(16,16,12)
c(16,16,16)
c(16,16,8)
c(16,24,12)
c(16,24,16)
c(16,24,8)
c(16,32,12)
c(16,32,16)
c(16,32,8)
c(16,40,12)
c(16,40,16)
c(16,40,8)
c(16,48,12)
c(16,48,8)
c(16,8,8)
c(24,16,12)
c(24,16,16)
c(24,16,8)
c(24,24,12)
c(24,24,16)
c(24,24,20)
c(24,24,24)
c(24,24,8)
c(24,32,12)
c(24,32,16)
c(24,32,20)
c(24,32,24)
c(24,32,8)
c(24,40,12)
c(24,40,16)
c(24,40,20)
c(24,40,8)
c(24,48,12)
c(24,48,8)
c(24,8,8)
c(32,16,12)
c(32,16,16)
c(32,16,8)
c(32,24,12)
c(32,24,16)
c(32,24,20)
c(32,24,24)
c(32,24,8)
c(32,32,12)
c(32,32,16)
c(32,32,20)
c(32,32,24)
c(32,32,28)
c(32,32,8)
c(32,40,12)
c(32,40,16)
c(32,40,20)
c(32,40,8)
c(32,48,12)
c(32,48,8)
c(32,8,8)
c(40,16,12)
c(40,16,16)
c(40,16,8)
c(40,24,12)
c(40,24,16)
c(40,24,20)
c(40,24,8)
c(40,32,12)
c(40,32,16)
c(40,32,20)
c(40,32,8)
c(40,40,12)
c(40,40,16)
c(40,40,20)
c(40,40,8)
c(40,48,12)
c(40,48,8)
c(40,8,8)
c(48,16,12)
c(48,16,8)
c(48,24,12)
c(48,24,8)
c(48,32,12)
c(48,32,8)
c(48,40,12)
c(48,40,8)
c(48,48,12)
c(48,48,8)
c(48,8,8)
c(8,16,8)
c(8,24,8)
c(8,32,8)
c(8,40,8)
c(8,48,8)
c(8,8,8)
s(16,16,12)
s(16,16,16)
s(16,16,20)
s(16,16,24)
s(16,16,8)
s(16,24,12)
s(16,24,16)
s(16,24,20)
s(16,24,24)
s(16,24,8)
s(16,32,12)
s(16,32,16)
s(16,32,20)
s(16,32,24)
s(16,32,8)
s(16,40,12)
s(16,40,16)
s(16,40,20)
s(16,40,24)
s(16,40,8)
s(16,48,12)
s(16,48,16)
s(16,48,20)
s(16,48,8)
s(16,56,8)
s(16,8,12)
s(16,8,8)
s(24,16,12)
s(24,16,16)
s(24,16,20)
s(24,16,24)
s(24,16,8)
s(24,24,12)
s(24,24,16)
s(24,24,20)
s(24,24,24)
s(24,24,28)
s(24,24,32)
s(24,24,8)
s(24,32,12)
s(24,32,16)
s(24,32,20)
s(24,32,24)
s(24,32,28)
s(24,32,32)
s(24,32,8)
s(24,40,12)
s(24,40,16)
s(24,40,20)
s(24,40,24)
s(24,40,28)
s(24,40,32)
s(24,40,8)
s(24,48,12)
s(24,48,16)
s(24,48,20)
s(24,48,8)
s(24,56,8)
s(24,8,12)
s(24,8,8)
s(32,16,12)
s(32,16,16)
s(32,16,20)
s(32,16,24)
s(32,16,8)
s(32,24,12)
s(32,24,16)
s(32,24,20)
s(32,24,24)
s(32,24,28)
s(32,24,32)
s(32,24,8)
s(32,32,12)
s(32,32,16)
s(32,32,20)
s(32,32,24)
s(32,32,28)
s(32,32,32)
s(32,32,8)
s(32,40,12)
s(32,40,16)
s(32,40,20)
s(32,40,24)
s(32,40,28)
s(32,40,32)
s(32,40,8)
s(32,48,12)
s(32,48,16)
s(32,48,20)
s(32,48,8)
s(32,56,8)
s(32,8,12)
s(32,8,8)
s(40,16,12)
s(40,16,16)
s(40,16,20)
s(40,16,24)
s(40,16,8)
s(40,24,12)
s(40,24,16)
s(40,24,20)
s(40,24,24)
s(40,24,28)
s(40,24,32)
s(40,24,8)
s(40,32,12)
s(40,32,16)
s(40,32,20)
s(40,32,24)
s(40,32,28)
s(40,32,32)
s(40,32,8)
s(40,40,12)
s(40,40,16)
s(40,40,20)
s(40,40,24)
s(40,40,28)
s(40,40,32)
s(40,40,8)
s(40,48,12)
s(40,48,16)
s(40,48,20)
s(40,48,8)
s(40,56,8)
s(40,8,12)
s(40,8,8)
s(48,16,12)
s(48,16,16)
s(48,16,20)
s(48,16,8)
s(48,24,12)
s(48,24,16)
s(48,24,20)
s(48,24,8)
s(48,32,12)
s(48,32,16)
s(48,32,20)
s(48,32,8)
s(48,40,12)
s(48,40,16)
s(48,40,20)
s(48,40,8)
s(48,48,12)
s(48,48,16)
s(48,48,20)
s(48,48,8)
s(48,56,8)
s(48,8,12)
s(48,8,8)
s(56,16,8)
s(56,24,8)
s(56,32,8)
s(56,40,8)
s(56,48,8)
s(56,56,8)
s(56,8,8)
s(8,16,12)
s(8,16,8)
s(8,24,12)
s(8,24,8)
s(8,32,12)
s(8,32,8)
s(8,40,12)
s(8,40,8)
s(8,48,12)
s(8,48,8)
s(8,56,8)
s(8,8,12)
s(8,8,8)
t(16,16,12)
t(16,16,16)
t(16,16,8)
t(16,24,12)
t(16,24,16)
t(16,24,8)
t(16,32,12)
t(16,32,16)
t(16,32,8)
t(16,40,12)
t(16,40,16)
t(16,40,8)
t(16,48,12)
t(16,48,16)
t(16,48,8)
t(16,56,12)
t(16,56,8)
t(16,8,8)
t(24,16,12)
t(24,16,16)
t(24,16,8)
t(24,24,12)
t(24,24,16)
t(24,24,20)
t(24,24,24)
t(24,24,8)
t(24,32,12)
t(24,32,16)
t(24,32,20)
t(24,32,24)
t(24,32,28)
t(24,32,8)
t(24,40,12)
t(24,40,16)
t(24,40,20)
t(24,40,24)
t(24,40,28)
t(24,40,8)
t(24,48,12)
t(24,48,16)
t(24,48,20)
t(24,48,24)
t(24,48,28)
t(24,48,8)
t(24,56,12)
t(24,56,8)
t(24,8,8)
t(32,16,12)
t(32,16,16)
t(32,16,8)
t(32,24,12)
t(32,24,16)
t(32,24,20)
t(32,24,24)
t(32,24,8)
t(32,32,12)
t(32,32,16)
t(32,32,20)
t(32,32,24)
t(32,32,28)
t(32,32,32)
t(32,32,8)
t(32,40,12)
t(32,40,16)
t(32,40,20)
t(32,40,24)
t(32,40,28)
t(32,40,32)
t(32,40,8)
t(32,48,12)
t(32,48,16)
t(32,48,20)
t(32,48,24)
t(32,48,28)
t(32,48,8)
t(32,56,12)
t(32,56,8)
t(32,8,8)
t(40,16,12)
t(40,16,16)
t(40,16,8)
t(40,24,12)
t(40,24,16)
t(40,24,20)
t(40,24,24)
t(40,24,8)
t(40,32,12)
t(40,32,16)
t(40,32,20)
t(40,32,24)
t(40,32,8)
t(40,40,12)
t(40,40,16)
t(40,40,20)
t(40,40,24)
t(40,40,8)
t(40,48,12)
t(40,48,16)
t(40,48,20)
t(40,48,24)
t(40,48,8)
t(40,56,12)
t(40,56,8)
t(40,8,8)
t(48,16,12)
t(48,16,16)
t(48,16,8)
t(48,24,12)
t(48,24,16)
t(48,24,8)
t(48,32,12)
t(48,32,16)
t(48,32,8)
t(48,40,12)
t(48,40,16)
t(48,40,8)
t(48,48,12)
t(48,48,16)
t(48,48,8)
t(48,56,12)
t(48,56,8)
t(48,8,8)
t(56,16,8)
t(56,24,8)
t(56,32,8)
t(56,40,8)
t(56,48,8)
t(56,56,8)
t(56,8,8)
t(8,16,8)
t(8,24,8)
t(8,32,8)
t(8,40,8)
t(8,48,8)
t(8,56,8)
t(8,8,8)
+
*
-
$